creating models for obj12...
done

loading annotations into memory...
Done (t=5.63s)
creating index...
index created!
loading annotations into memory...
Done (t=12.11s)
creating index...
index created!
len(val_dataset)):  40137
len(train_dataset)):  82081
tensor([0.6811, 0.7632, 0.7745, 0.4494, 0.5849, 0.6358, 0.6852, 0.1579, 0.7014,
        0.1504, 0.2350, 0.0160, 0.7859, 0.0814, 0.7418, 0.8713, 0.0469, 0.9701,
        0.7375, 0.7027, 0.7011, 0.1626, 0.3608, 0.1934, 0.8462, 0.7438, 0.1374,
        0.7323, 0.1085, 0.4004, 0.3924, 0.2629, 0.9342, 0.8986, 0.6441, 0.1118,
        0.8020, 0.6342, 0.3717, 0.2141, 0.5172, 0.5164, 0.3121, 0.8831, 0.9749,
        0.0969, 0.1695, 0.8203, 0.1952, 0.7140, 0.7886, 0.1963, 0.4583, 0.7568,
        0.2214, 0.0224, 0.2160, 0.3055, 0.7397, 0.2626, 0.9158, 0.6026, 0.3965,
        0.8664, 0.8730, 0.8860, 0.3408, 0.0566, 0.6314, 0.4185, 0.8277, 0.2589,
        0.1435, 0.2882, 0.2712, 0.0268, 0.3975, 0.7339, 0.2419, 0.1486],
       device='cuda:0')
